62 0
67 0
72 0
77 -1
82 -2
87 -3
92 -4
97 -6
102 -7
107 -9
112 -11
117 -14
122 -16
127 -19
132 -22
137 -25
142 -28
147 -31
152 -35
157 -38
162 -42
167 -46
172 -49
177 -53
182 -57
189 -63
195 -67
200 -71
205 -76
210 -80
215 -84
220 -88
225 -92
230 -96
235 -101
240 -105
245 -110
250 -114
255 -118
260 -123
265 -127
270 -132
275 -136
280 -141
285 -145
290 -150
295 -154
300 -159
305 -164
310 -168
315 -172
320 -177
327 -184
333 -189
338 -194
343 -198
348 -203
353 -208
358 -212
363 -217
368 -222
373 -226
378 -231
383 -235
388 -240
393 -244
398 -249
403 -254
408 -258
413 -263
418 -268
423 -272
428 -277
433 -282
438 -286
443 -291
448 -296
453 -300
460 -308
466 -312
471 -317
476 -322
481 -326
486 -331
491 -336
496 -340
501 -345
506 -350
511 -354
516 -359
521 -364
526 -368
531 -373
536 -378
541 -382
546 -387
551 -392
556 -396
561 -401
566 -406
571 -410
576 -415
581 -420
588 -427
594 -432
599 -436
604 -441
609 -446
614 -450
619 -455
624 -460
629 -464
634 -469
639 -474
644 -478
649 -483
654 -488
659 -492
664 -497
669 -501
674 -506
679 -511
684 -515
689 -520
694 -525
699 -529
704 -534
709 -538
714 -543
721 -550
727 -556
732 -560
737 -565
742 -569
747 -574
752 -579
757 -583
762 -588
767 -592
772 -597
777 -602
782 -606
787 -611
792 -616
797 -620
802 -625
807 -630
812 -634
817 -639
822 -644
827 -648
832 -653
837 -658
842 -662
849 -670
855 -674
860 -679
865 -684
870 -688
875 -693
880 -698
885 -702
890 -707
895 -712
900 -716
905 -721
910 -726
915 -730
920 -735
925 -740
930 -744
935 -749
940 -754
945 -758
950 -763
955 -768
960 -772
965 -777
970 -782
975 -786
982 -794
988 -798
993 -803
998 -808
1003 -812
1008 -817
1013 -822
1018 -826
1023 -831
1028 -836
1033 -840
1038 -845
1043 -850
1048 -854
1053 -859
1058 -864
1063 -868
1068 -873
1073 -878
1078 -882
1083 -887
1088 -892
1093 -896
1098 -901
1105 -908
1111 -913
1116 -918
1121 -922