62 0
67 0
72 0
77 0
82 0
87 -1
92 -1
97 -2
102 -2
107 -2
112 -3
117 -3
122 -4
127 -4
132 -5
137 -6
142 -6
147 -7
152 -8
157 -8
162 -9
167 -10
172 -11
177 -12
182 -12
187 -13
192 -14
199 -15
205 -16
210 -17
215 -18
220 -18
225 -19
230 -20
235 -21
240 -22
245 -22
250 -24
255 -24
260 -25
265 -26
270 -27
275 -28
280 -28
285 -30
290 -30
295 -31
300 -32
305 -33
310 -34
315 -35
320 -36
325 -36
330 -37
335 -38
342 -40
348 -40
353 -41
358 -42
363 -43
368 -44
373 -45
378 -46
383 -47
388 -48
393 -48
398 -49
403 -50
408 -51
413 -52
418 -53
423 -54
428 -54
433 -56
438 -56
443 -57
448 -58
453 -59
458 -60
463 -61
468 -62
473 -62
478 -63
483 -64
490 -66
496 -66
501 -68
506 -68
511 -69
516 -70
521 -71
526 -72
531 -73
536 -74
541 -74
546 -76
551 -76
556 -77
561 -78
566 -79
571 -80
576 -81
581 -82
586 -82
591 -83
596 -84
601 -85
606 -86
611 -87
616 -88
621 -88
626 -90
633 -91
639 -92
644 -92
649 -94
654 -94
659 -95
664 -96
669 -97
674 -98
679 -99
684 -100
689 -100
694 -101
699 -102
704 -103
709 -104
714 -105
719 -106
724 -106
729 -108
734 -108
739 -109
744 -110
749 -111
754 -112
759 -113
764 -114
771 -115
777 -116
782 -117
787 -118
792 -118
797 -120
802 -120
807 -121
812 -122
817 -123
822 -124
827 -125
832 -126
837 -126
842 -128
847 -128
852 -129
857 -130
862 -131
867 -132
872 -133
877 -134
882 -134
887 -135
892 -136
899 -138
905 -138
910 -139
915 -140
920 -141
925 -142
930 -143
935 -144
940 -144
945 -146
950 -146
955 -147
960 -148
965 -149
970 -150
975 -151
980 -152
985 -152
990 -154
995 -154
1000 -155
1005 -156
1010 -157
1015 -158
1020 -159
1025 -160
1032 -161
1038 -162
1043 -163
1048 -164
1053 -164
1058 -166
1063 -166
1068 -167
1073 -168
1078 -169
1083 -170
1088 -171
1093 -172
1098 -172
1103 -173
1108 -174
1113 -175
1118 -176
1123 -177
1128 -178
1133 -178
1138 -180
1143 -180
1150 -182
1156 -183
1161 -184
1166 -184
1