62 0
67 0
72 0
77 0
82 0
87 -1
92 -2
97 -2
102 -3
107 -4
112 -5
117 -6
122 -7
127 -8
132 -10
137 -11
142 -12
147 -14
152 -15
157 -16
162 -18
167 -20
172 -21
177 -23
182 -24
187 -26
194 -28
200 -30
205 -32
210 -34
215 -35
220 -37
225 -38
230 -40
235 -42
240 -44
245 -46
250 -47
255 -49
260 -51
265 -53
270 -54
275 -56
280 -58
285 -60
290 -62
295 -63
300 -65
305 -67
310 -69
315 -71
320 -72
325 -74
330 -76
335 -78
342 -81
348 -82
353 -84
358 -86
363 -88
368 -90
373 -92
378 -94
383 -95
388 -97
393 -99
398 -101
403 -102
408 -104
413 -106
418 -108
423 -110
428 -112
433 -114
438 -116
443 -117
448 -119
453 -121
458 -123
463 -124
468 -126
475 -129
481 -131
486 -133
491 -135
496 -136
501 -138
506 -140
511 -142
516 -144
521 -146
526 -148
531 -150
536 -151
541 -153
546 -155
551 -157
556 -158
561 -160
566 -162
571 -164
576 -166
581 -168
586 -170
591 -171
596 -173
601 -175
608 -178
614 -180
619 -182
624 -183
629 -185
634 -187
639 -189
644 -191
649 -192
654 -194
659 -196
664 -198
669 -200
674 -202
679 -204
684 -205
689 -207
694 -209
699 -211
704 -212
709 -214
714 -216
719 -218
724 -220
729 -222
734 -224
741 -226
747 -228
752 -230
757 -232
762 -234
767 -236
772 -238
777 -239
782 -241
787 -243
792 -245
797 -246
802 -248
807 -250
812 -252
817 -254
822 -256
827 -258
832 -259
837 -261
842 -263
847 -265
852 -267
857 -268
862 -270
869 -273
875 -275
880 -277
885 -279
890 -280
895 -282
900 -284
905 -286
910 -288
915 -290
920 -292
925 -293
930 -295
935 -297
940 -299
945 -300
950 -302
955 -304
960 -306
965 -308
970 -310
975 -312
980 -314
985 -315
990 -317
995 -319
1003 -322
1008 -324
1013 -326
1018 -327
1023 -329
1028 -331
1033 -333
1038 -334
1043 -336
1048 -338
1053 -340
1058 -342
1063 -344
1068 -346
1073 -348
1078 -349
1083 -351
1088 -353
1093 -355
1098 -356
1103 -358
1108 -360
1113 -362
1120 -365
1126 -367
1131 -369
1136 -370
1141