62 0
67 0
72 0
77 -1
82 -2
87 -2
92 -3
97 -4
102 -6
107 -7
112 -8
117 -10
122 -12
127 -14
132 -16
137 -17
142 -19
147 -22
152 -24
157 -26
162 -28
167 -30
172 -32
177 -35
182 -38
187 -40
194 -44
200 -46
205 -48
210 -51
215 -54
220 -56
225 -59
230 -62
235 -64
240 -67
245 -69
250 -72
255 -75
260 -77
265 -80
270 -83
275 -85
280 -88
285 -91
290 -94
295 -96
300 -99
305 -102
310 -104
315 -107
320 -110
325 -112
332 -117
338 -120
343 -122
348 -125
353 -128
358 -130
363 -133
368 -136
373 -139
378 -142
383 -144
388 -147
393 -150
398 -153
403 -156
408 -158
413 -161
418 -164
423 -166
428 -169
433 -172
438 -175
443 -178
448 -180
453 -183
458 -186
465 -190
471 -193
476 -196
481 -198
486 -202
491 -204
496 -207
501 -210
506 -212
511 -215
516 -218
521 -221
526 -224
531 -226
536 -229
541 -232
546 -235
551 -238
556 -240
561 -243
566 -246
571 -248
576 -251
581 -254
586 -257
591 -260
598 -264
604 -267
609 -270
614 -272
619 -275
624 -278
629 -281
634 -284
639 -286
644 -289
649 -292
654 -294
659 -298
664 -300
669 -303
674 -306
679 -308
684 -311
689 -314
694 -317
699 -320
704 -322
709 -325
714 -328
719 -331
726 -335
732 -338
737 -341
742 -344
747 -346
752 -349
757 -352
762 -354
767 -358
772 -360
777 -363
782 -366
787 -368
792 -371
797 -374
802 -377
807 -380
812 -382
817 -385
822 -388
827 -391
832 -394
837 -396
842 -399
847 -402
852 -404
860 -409
865 -412
870 -414
875 -417
880 -420
885 -423
890 -426
895 -428
900 -431
905 -434
910 -437
915 -440
920 -442
925 -445
930 -448
935 -450
940 -453
945 -456
950 -459
955 -462
960 -464
965 -467
970 -470
975 -473
980 -476
987 -480
993 -482
998 -486
1003 -488
1008 -491
1013 -494
1018 -496
1023 -499
1028 -502
1033 -505
1038 -508
1043 -510
1048 -513
1053 -516
1058 -519
1063 -522
1068 -524
1073 -527
1078 -530
1083 -532
1088 -535
1093 -538
1098 -541
1103 -544
1110 -548
1116 -551
1121 -554
1126 -556
113