62 0
67 0
72 0
77 -1
82 -2
87 -2
92 -4
97 -5
102 -6
107 -8
112 -10
117 -12
122 -14
127 -16
132 -19
137 -22
142 -24
147 -27
152 -30
157 -32
162 -35
167 -38
172 -41
177 -44
182 -48
189 -52
195 -56
200 -59
205 -62
210 -66
215 -69
220 -72
225 -76
230 -79
235 -83
240 -86
245 -90
250 -94
255 -97
260 -100
265 -104
270 -108
275 -111
280 -114
285 -118
290 -122
295 -126
300 -129
305 -133
310 -136
315 -140
320 -144
327 -149
333 -153
338 -157
343 -160
348 -164
353 -168
358 -172
363 -175
368 -179
373 -182
378 -186
383 -190
388 -194
393 -197
398 -201
403 -204
408 -208
413 -212
418 -216
423 -220
428 -223
433 -227
438 -230
443 -234
448 -238
453 -242
460 -248
466 -251
471 -255
476 -258
481 -262
486 -266
491 -270
496 -273
501 -277
506 -281
511 -284
516 -288
521 -292
526 -296
531 -299
536 -303
541 -306
546 -310
551 -314
556 -318
561 -321
566 -325
571 -329
576 -332
581 -336
586 -340
593 -346
599 -350
604 -353
609 -357
614 -360
619 -364
624 -368
629 -372
634 -375
639 -379
644 -383
649 -386
654 -390
659 -394
664 -398
669 -401
674 -405
679 -409
684 -412
689 -416
694 -420
699 -424
704 -427
709 -431
714 -434
721 -440
727 -444
732 -448
737 -452
742 -456
747 -459
752 -463
757 -466
762 -470
767 -474
772 -478
777 -482
782 -485
787 -489
792 -492
797 -496
802 -500
807 -504
812 -507
817 -511
822 -515
827 -518
832 -522
837 -526
842 -530
847 -533
854 -539
860 -543
865 -547
870 -550
875 -554
880 -558
885 -562
890 -565
895 -569
900 -573
905 -576
910 -580
915 -584
920 -588
925 -591
930 -595
935 -598
940 -602
945 -606
950 -610
955 -614
960 -617
965 -621
970 -624
975 -628
982 -634
988 -638
993 -642
998 -645
1003 -649
1008 -653
1013 -656
1018 -660
1023 -664
1028 -668
1033 -671
1038 -675
1043 -678
1048 -682
1053 -686
1058 -690
1063 -694
1068 -697
1073 -701
1078 -704
1083 -708
1088 -712
1093 -716
1098 -719
1105 -725
1111 -729
1116 -732
1121 -736
1126