67 0
72 1
77 1
82 2
87 3
92 4
97 5
102 7
107 9
112 11
117 14
122 17
127 19
132 22
137 25
142 28
147 31
152 35
157 39
162 42
167 45
172 49
177 53
182 57
187 61
192 65
197 69
204 75
210 79
215 84
220 88
225 92
230 97
235 101
240 105
245 109
250 114
255 118
260 123
265 127
270 131
275 136
280 141
285 145
290 149
295 154
300 159
305 163
310 167
315 172
320 177
325 181
330 186
335 190
340 195
345 199
352 207
358 211
363 216
368 221
373 225
378 230
383 235
388 239
393 244
398 248
403 253
408 257
413 262
418 267
423 271
428 276
433 281
438 285
443 290
448 295
453 299
458 304
463 309
468 313
473 318
478 323
483 327
488 332
493 337
500 344
506 349
511 353
516 358
521 363
526 367
531 372
536 377
541 381
546 386
551 391
556 395
561 400
566 405
571 409
576 414
581 419
586 423
591 428
596 433
601 437
606 442
611 447
616 451
621 456
626 461
631 465
636 470
643 477
649 482
654 487
659 491
664 496
669 501
674 505
679 510
684 515
689 519
694 524
699 529
704 533
709 538
714 543
719 547
724 552
729 557
734 561
739 566
744 571
749 575
754 580
759 585
764 589
769 594
774 599
779 603
784 608
791 615
797 620
802 625
807 629
812 634
817 639
822 643
827 648
832 653
837 657
842 662
847 667
852 672
857 676
862 681
867 685
872 690
877 695
882 700
887 704
892 709
897 714
902 719
907 723
912 728
917 733
922 737
927 742
934 749
940 754
945 759
950 763
955 768
960 773
965 777
970 782
975 787
980 791
985 796
990 801
995 805
1000 810
1005 815
1010 819
1015 824
1020 829
1025 833
1030 838
1035 843
1040 847
1045 852
1050 857
1055 861
1060 866
1065 871
1072 878
1078 883
1083 888
1088 893
1093 897
1098 902
1103 906
1108 911
1113 916
1118 920
1123 925
1128 930
1133 935
1138 939
1143 944
1148 948
1153 953
1158 958
1163 963
1168 967
1173 972
1178 976
1183 981
1188 986
1193 991
1198 995
1205 1003
1211 1007
1216 1012
1221 1017
