62 0
67 0
72 0
77 0
82 0
87 1
92 1
97 2
102 2
107 2
112 3
117 4
122 4
127 5
132 6
137 6
142 7
147 8
152 8
157 9
162 10
167 10
172 11
177 12
182 12
187 14
192 14
197 15
202 16
209 17
215 18
220 19
225 20
230 20
235 21
240 22
245 23
250 24
255 25
260 26
265 26
270 27
275 28
280 29
285 30
290 31
295 32
300 32
305 34
310 34
315 35
320 36
325 37
330 38
335 39
340 40
345 40
350 41
355 42
360 43
365 44
372 45
378 46
383 47
388 48
393 49
398 50
403 51
408 52
413 52
418 53
423 54
428 55
433 56
438 57
443 58
448 58
453 60
458 60
463 61
468 62
473 63
478 64
483 65
488 66
493 66
498 67
503 68
508 69
513 70
518 71
523 72
528 73
535 74
541 75
546 76
551 77
556 78
561 78
566 80
571 80
576 81
581 82
586 83
591 84
596 84
601 86
606 86
611 87
616 88
621 89
626 90
631 91
636 92
641 92
646 93
651 94
656 95
661 96
666 97
671 98
676 99
681 100
686 100
691 101
698 103
704 104
709 104
714 106
719 106
724 107
729 108
734 109
739 110
744 111
749 112
754 112
759 113
764 114
769 115
774 116
779 117
784 118
789 118
794 120
799 120
804 121
809 122
814 123
819 124
824 125
829 126
834 126
839 128
846 129
852 130
857 130
862 131
867 132
872 133
877 134
882 135
887 136
892 136
897 138
902 138
907 139
912 140
917 141
922 142
927 143
932 144
937 144
942 146
947 146
952 147
957 148
962 149
967 150
972 151
977 152
982 152
989 154
995 155
1000 156
1005 156
1010 158
1015 158
1020 159
1025 160
1030 161
1035 162
1040 163
1045 164
1050 164
1055 165
1060 166
1065 167
1070 168
1075 169
1080 170
1085 170
1090 172
1095 172
1100 173
1105 174
1110 175
1115 176
1122 177
1128 178
1133 179
1138 180
1143 181
1148 182
1153 182
1158 184
1163 184
1168 185
1173 186
1178 187
1183 188
1188 189
1193 190
1198 190
1203 192
1208 192
1213 193
1218 194
1223 195
1228 196
1233 197
1238 198
1243 198
1251 200
1256 201
1261 202
1266 202
1271 203
12