62 0
67 0
72 0
77 1
82 1
87 2
92 2
97 3
102 4
107 5
112 6
117 7
122 8
127 9
132 10
137 12
142 13
147 14
152 16
157 17
162 19
167 20
172 22
177 24
182 25
187 27
192 28
197 30
202 32
209 34
215 36
220 38
225 40
230 41
235 43
240 44
245 46
250 48
255 50
260 52
265 53
270 55
275 57
280 58
285 60
290 62
295 64
300 66
305 68
310 70
315 71
320 73
325 75
330 76
335 78
340 80
345 82
350 84
355 86
360 88
365 89
372 92
378 94
383 96
388 98
393 100
398 101
403 103
408 105
413 107
418 108
423 110
428 112
433 114
438 116
443 118
448 120
453 121
458 123
463 125
468 126
473 128
478 130
483 132
488 134
493 136
498 138
503 140
508 141
513 143
520 146
526 148
531 150
536 152
541 153
546 155
551 157
556 159
561 160
566 162
571 164
576 166
581 168
586 170
591 171
596 173
601 175
606 177
611 179
616 180
621 182
626 184
631 186
636 188
641 190
646 192
651 193
656 195
663 198
669 200
674 202
679 203
684 205
689 207
694 209
699 211
704 212
709 214
714 216
719 218
724 220
729 222
734 224
739 225
744 227
749 229
754 231
759 232
764 234
769 236
774 238
779 240
784 242
789 243
794 245
799 247
804 249
811 252
817 254
822 256
827 257
832 259
837 261
842 262
847 264
852 266
857 268
862 270
867 272
872 274
877 275
882 277
887 279
892 281
897 282
902 284
907 286
912 288
917 290
922 292
927 294
932 295
937 297
942 299
947 300
954 304
960 305
965 307
970 309
975 311
980 312
985 314
990 316
995 318
1000 320
1005 322
1010 323
1015 325
1020 327
1025 329
1030 330
1035 332
1040 334
1045 336
1050 338
1055 340
1060 341
1065 343
1070 345
1075 347
1080 348
1085 350
1092 353
1098 355
1103 357
1108 359
1113 360
1118 362
1123 364
1128 366
1133 368
1138 370
1143 372
1148 374
1153 375
1158 377
1163 379
1168 381
1173 382
1178 384
1183 386
1188 388
1193 390
1198 392
1203 393
1208 395
1213 397
1220 400
1226 402
1231 404
1236 406
1241 407