62 0
67 0
72 0
77 0
82 1
87 2
92 2
97 4
102 5
107 6
112 8
117 9
122 11
127 12
132 14
137 16
142 18
147 20
152 22
157 24
162 27
167 29
172 32
177 34
182 36
187 38
192 41
197 43
204 47
210 50
215 52
220 55
225 58
230 60
235 63
240 66
245 68
250 71
255 73
260 76
265 78
270 81
275 84
280 86
285 89
290 92
295 95
300 98
305 100
310 103
315 106
320 108
325 111
330 114
335 116
340 119
345 122
350 125
355 128
362 132
368 135
373 138
378 140
383 143
388 146
393 148
398 151
403 154
408 156
413 160
418 162
423 165
428 168
433 170
438 173
443 176
448 179
453 182
458 184
463 187
468 190
473 192
478 195
483 198
488 201
493 204
498 206
503 209
510 214
516 216
521 219
526 222
531 224
536 227
541 230
546 233
551 236
556 238
561 241
566 244
571 246
576 249
581 252
586 255
591 258
596 260
601 263
606 266
611 268
616 271
621 274
626 277
631 280
636 282
641 285
646 288
653 292
659 295
664 298
669 300
674 303
679 306
684 309
689 312
694 314
699 317
704 320
709 323
714 326
719 328
724 331
729 334
734 336
739 339
744 342
749 345
754 348
759 350
764 353
769 356
774 358
779 361
784 364
789 367
796 371
802 374
807 377
812 380
817 382
822 385
827 388
832 390
837 393
842 396
847 399
852 402
857 404
862 407
867 410
872 412
877 415
882 418
887 421
892 424
897 426
902 429
907 432
912 435
917 438
922 440
927 443
932 446
937 448
944 453
950 456
955 458
960 462
965 464
970 467
975 470
980 472
985 475
990 478
995 481
1000 484
1005 486
1010 489
1015 492
1020 494
1025 498
1030 500
1035 503
1040 506
1045 508
1050 511
1055 514
1060 516
1065 520
1070 522
1075 525
1082 530
1088 532
1093 535
1098 538
1103 540
1108 543
1113 546
1118 549
1123 552
1128 554
1133 557
1138 560
1143 562
1148 565
1153 568
1158 571
1163 574
1168 576
1173 579
1178 582
1183 584
1188 587
1193 590
1198 593
1203 596
1211 600
1216 603
1221 606
1226 608
1231 611
