62 0
67 0
72 1
77 1
82 2
87 3
92 4
97 5
102 7
107 9
112 11
117 13
122 15
127 17
132 20
137 23
142 25
147 27
152 31
157 33
162 36
167 39
172 42
177 45
182 49
187 51
192 55
197 58
204 63
210 67
215 70
220 73
225 77
230 80
235 84
240 87
245 91
250 94
255 97
260 101
265 105
270 108
275 112
280 115
285 119
290 123
295 126
300 130
305 133
310 137
315 141
320 144
325 148
330 151
335 155
340 159
345 163
350 166
357 172
363 176
368 179
373 183
378 187
383 191
388 194
393 198
398 201
403 205
408 209
413 213
418 216
423 220
428 223
433 227
438 231
443 235
448 238
453 242
458 246
463 249
468 253
473 257
478 261
483 264
488 268
493 272
500 277
506 281
511 285
516 289
521 292
526 296
531 300
536 303
541 307
546 311
551 315
556 318
561 322
566 325
571 329
576 333
581 337
586 341
591 344
596 348
601 351
606 355
611 359
616 363
621 366
626 370
631 374
636 377
641 381
648 387
654 391
659 395
664 398
669 402
674 405
679 409
684 413
689 417
694 420
699 424
704 427
709 431
714 435
719 439
724 443
729 446
734 450
739 453
744 457
749 461
754 465
759 468
764 472
769 476
774 479
779 483
784 487
791 493
797 497
802 500
807 504
812 507
817 511
822 515
827 519
832 522
837 526
842 529
847 533
852 537
857 541
862 545
867 548
872 552
877 555
882 559
887 563
892 567
897 570
902 574
907 577
912 581
917 585
922 589
927 593
932 596
939 602
945 606
950 609
955 613
960 617
965 621
970 624
975 628
980 632
985 635
990 639
995 643
1000 647
1005 650
1010 654
1015 657
1020 661
1025 665
1030 669
1035 672
1040 676
1045 680
1050 683
1055 687
1060 691
1065 695
1070 698
1077 704
1083 708
1088 711
1093 715
1098 719
1103 723
1108 727
1113 730
1118 734
1123 737
1128 741
1133 745
1138 749
1143 752
1148 756
1153 760
1158 763
1163 767
1168 771
1173 775
1178 778
1183 782
1188 785
1193 789
1198 793
1205 799
1211 803
1216 806
1221 810
1226 814